Sample	rRNA counts	Yeast counts	No hits percentage	Mouse percentage	Mitoch counts	EColi percentage	Yeast percentage	EColi counts	Human percentage	Mitoch percentage	Vector percentage	Virus percentage	Adapter counts	ERCC percentage	Human counts	No hits counts	Vector counts	rRNA percentage	total_reads	ERCC counts	Phix counts	Adapter percentage	Mouse counts	Phix percentage	Virus counts
ANO_WGS_HCC1395BL_02-1_1	73.0	330.0	0.76	9.82	219.0	0.0	0.32999999999999996	0.0	99.14	0.22	0.22999999999999998	0.62	2.0	0.0	99153.0	760	229.0	0.07	100000	2.0	0.0	0.0	9818.0	0.0	612.0
ANO_WGS_HCC1395BL_02-1_2	78.0	330.0	0.75	9.68	219.0	0.0	0.33	0.0	99.14	0.22	0.43	0.8300000000000001	1.0	0.0	99139.0	750	422.0	0.07	100000	1.0	0.0	0.0	9677.0	0.0	835.0
ANO_WGS_HCC1395BL_02-2_1	72.0	316.0	0.68	10.07	219.0	0.0	0.31	0.0	99.22	0.22	0.19999999999999998	0.5700000000000001	1.0	0.0	99228.0	680	202.0	0.07	100000	2.0	0.0	0.0	10063.0	0.0	579.0
ANO_WGS_HCC1395BL_04-1_1	95.0	321.0	0.69	9.93	239.0	0.0	0.32	0.0	99.22000000000001	0.24	0.17	0.55	2.0	0.0	99212.0	690	172.0	0.09999999999999999	100000	2.0	0.0	0.0	9940.0	0.0	560.0
ANO_WGS_HCC1395BL_04-2_1	68.0	361.0	0.73	9.92	183.0	0.0	0.36	0.0	99.16000000000001	0.18	0.19	0.63	2.0	0.0	99165.0	730	197.0	0.06999999999999999	100000	1.0	0.0	0.0	9926.0	0.0	628.0
ANO_WGS_HCC1395_01-1_1	51.0	357.0	0.63	9.76	139.0	0.0	0.36	0.0	99.36000000000001	0.14	0.21000000000000002	0.54	0.0	0.0	99356.0	630	212.0	0.05	100000	5.0	0.0	0.0	9761.0	0.0	540.0
ANO_WGS_HCC1395_01-2_1	55.0	318.0	0.6	9.65	131.0	0.0	0.32	0.0	99.39	0.13	0.19	0.47000000000000003	0.0	0.0	99385.0	600	194.0	0.05	100000	2.0	0.0	0.0	9649.0	0.0	468.0
ANO_WGS_HCC1395_03-1_1	54.0	315.0	0.62	9.67	126.0	0.0	0.31	0.0	99.36000000000001	0.13	0.24	0.53	2.0	0.0	99362.0	620	233.0	0.05	100000	3.0	0.0	0.0	9668.0	0.0	523.0
ANO_WGS_HCC1395_03-2_1	52.0	349.0	0.59	9.98	126.0	0.0	0.35	0.0	99.40999999999998	0.13	0.21	0.57	2.0	0.0	99403.0	590	214.0	0.05	100000	3.0	0.0	0.0	9989.0	0.0	560.0
BMK_WGS_HCC1395BL_02-1_1	87.0	268.0	0.56	11.05	204.0	0.0	0.27	0.0	99.32	0.2	0.15000000000000002	0.5	9.0	0.0	99321.0	560	142.0	0.08	100000	2.0	0.0	0.01	11055.0	0.0	498.0
BMK_WGS_HCC1395BL_02-1_2	90.0	255.0	0.58	10.94	203.0	0.0	0.25	0.0	99.30000000000001	0.2	0.13	0.47	8.0	0.0	99305.0	580	130.0	0.09	100000	0.0	0.0	0.01	10944.0	0.0	468.0
BMK_WGS_HCC1395BL_02-2_1	85.0	256.0	0.51	10.21	200.0	0.0	0.25	0.0	99.41	0.2	0.13	0.46	9.0	0.0	99412.0	510	131.0	0.08	100000	1.0	0.0	0.01	10216.0	0.0	453.0
BMK_WGS_HCC1395BL_02-2_2	83.0	234.0	0.6	9.93	200.0	0.0	0.23	0.0	99.3	0.2	0.16	0.44	17.0	0.0	99295.0	600	163.0	0.08	100000	0.0	0.0	0.02	9931.0	0.0	431.0
BMK_WGS_HCC1395BL_04-1_1	85.0	277.0	0.67	10.940000000000001	216.0	0.0	0.28	0.0	99.22	0.21	0.14	0.45	8.0	0.0	99223.0	670	146.0	0.08	100000	1.0	0.0	0.01	10942.0	0.0	443.0
BMK_WGS_HCC1395BL_04-1_2	83.0	262.0	0.7	10.83	213.0	0.0	0.26	0.0	99.2	0.21	0.13	0.44000000000000006	3.0	0.0	99196.0	699	127.0	0.08	100000	0.0	0.0	0.0	10829.0	0.0	442.0
BMK_WGS_HCC1395BL_04-2_1	91.0	272.0	0.7	9.879999999999999	250.0	0.0	0.28	0.0	99.22	0.25	0.14	0.46	13.0	0.0	99212.0	699	138.0	0.09	100000	0.0	0.0	0.01	9884.0	0.0	455.0
BMK_WGS_HCC1395BL_04-2_2	92.0	244.0	0.7	9.780000000000001	247.0	0.0	0.24	0.0	99.2	0.24	0.14	0.45	15.0	0.0	99199.0	699	146.0	0.09	100000	0.0	0.0	0.01	9779.0	0.0	447.0
BMK_WGS_HCC1395_01-1_1	61.0	249.0	0.5	10.73	125.0	0.0	0.25	0.0	99.48	0.12	0.13	0.38	6.0	0.0	99490.0	500	129.0	0.06	100000	3.0	0.0	0.01	10736.0	0.0	381.0
BMK_WGS_HCC1395_01-1_2	64.0	263.0	0.54	10.76	127.0	0.0	0.27	0.0	99.44999999999999	0.12	0.13	0.4	10.0	0.0	99443.0	540	130.0	0.06	100000	0.0	0.0	0.01	10772.0	0.0	391.0
BMK_WGS_HCC1395_01-2_1	61.0	243.0	0.57	9.83	129.0	0.0	0.24	0.0	99.41	0.13	0.15000000000000002	0.38	11.0	0.0	99416.0	569	145.0	0.06	100000	2.0	0.0	0.01	9838.0	0.0	381.0
BMK_WGS_HCC1395_01-2_2	67.0	214.0	0.64	9.33	129.0	0.0	0.21	0.0	99.34999999999998	0.13	0.12	0.32	9.0	0.0	99346.0	640	120.0	0.07	100000	1.0	0.0	0.01	9331.0	0.0	317.0
BMK_WGS_HCC1395_03-1_1	51.0	264.0	0.5	10.82	115.0	0.0	0.26	0.0	99.48	0.11	0.16	0.39	9.0	0.0	99485.0	500	159.0	0.05	100000	1.0	0.0	0.01	10826.0	0.0	383.0
BMK_WGS_HCC1395_03-1_2	50.0	244.0	0.5	10.7	115.0	0.0	0.24	0.0	99.47	0.11	0.14	0.37	11.0	0.0	99484.0	500	143.0	0.05	100000	1.0	0.0	0.01	10700.0	0.0	369.0
BMK_WGS_HCC1395_03-2_1	50.0	291.0	0.63	10.07	118.0	0.0	0.29	0.0	99.36	0.12	0.16	0.42000000000000004	5.0	0.0	99364.0	630	159.0	0.05	100000	0.0	0.0	0.01	10078.0	0.0	422.0
BMK_WGS_HCC1395_03-2_2	48.0	246.0	0.61	9.74	118.0	0.0	0.24	0.0	99.38	0.12	0.15000000000000002	0.36	4.0	0.0	99382.0	610	148.0	0.05	100000	1.0	0.0	0.0	9745.0	0.0	361.0
JTB_WGS_HCC1395BL_02-1_1	82.0	239.0	1.43	9.27	242.0	0.0	0.24	0.0	98.45	0.24	0.4	0.46	245.0	0.0	98450.0	1430	406.0	0.08	100000	2.0	0.0	0.24	9273.0	0.0	455.0
JTB_WGS_HCC1395BL_02-1_2	72.0	270.0	2.68	9.27	225.0	0.0	0.27	0.0	97.20000000000002	0.22	0.26	0.44	84.0	0.0	97199.0	2680	266.0	0.07	100000	3.0	0.0	0.08	9271.0	0.0	426.0
JTB_WGS_HCC1395BL_02-2_1	90.0	253.0	1.01	9.48	246.0	0.0	0.25	0.0	98.89999999999999	0.24	0.39999999999999997	0.43	256.0	0.0	98898.0	1010	408.0	0.09	100000	4.0	0.0	0.25	9486.0	0.0	434.0
JTB_WGS_HCC1395BL_02-2_2	88.0	251.0	1.4	9.61	239.0	0.0	0.25	0.0	98.48	0.24	0.31	0.44	99.0	0.0	98486.0	1399	313.0	0.09	100000	4.0	0.0	0.1	9612.0	0.0	440.0
JTB_WGS_HCC1395BL_04-1_1	102.0	267.0	0.89	9.7	238.0	0.0	0.27	0.0	98.99000000000001	0.24	0.34	0.48	184.0	0.0	98992.0	890	339.0	0.11	100000	4.0	0.0	0.18000000000000002	9706.0	0.0	471.0
JTB_WGS_HCC1395BL_04-1_2	100.0	260.0	1.06	9.46	234.0	0.0	0.26	0.0	98.82	0.23	0.26	0.43000000000000005	100.0	0.0	98824.0	1060	268.0	0.1	100000	4.0	0.0	0.09999999999999999	9463.0	0.0	440.0
JTB_WGS_HCC1395BL_04-2_1	107.0	276.0	0.89	9.62	234.0	0.0	0.28	0.0	98.99	0.23	0.37	0.44	195.0	0.0	98987.0	890	373.0	0.1	100000	1.0	0.0	0.19	9626.0	0.0	434.0
JTB_WGS_HCC1395BL_04-2_2	108.0	213.0	1.03	9.47	233.0	0.0	0.21	0.0	98.86	0.23	0.3	0.42000000000000004	89.0	0.0	98866.0	1030	300.0	0.11	100000	1.0	0.0	0.09	9471.0	0.0	410.0
JTB_WGS_HCC1395_01-1_1	65.0	254.0	1.04	9.44	137.0	0.0	0.25	0.0	98.92	0.14	0.42	0.41000000000000003	259.0	0.0	98919.0	1040	422.0	0.06	100000	5.0	0.0	0.26	9438.0	0.0	413.0
JTB_WGS_HCC1395_01-1_2	65.0	269.0	2.61	9.28	131.0	0.0	0.27	0.0	97.35	0.13	0.25	0.38	88.0	0.01	97353.0	2610	253.0	0.07	100000	7.0	0.0	0.09	9273.0	0.0	381.0
JTB_WGS_HCC1395_01-2_1	60.0	223.0	1.47	8.92	159.0	0.0	0.22000000000000003	0.0	98.52000000000001	0.16	0.30000000000000004	0.32	163.0	0.0	98508.0	1470	304.0	0.06	100000	0.0	0.0	0.16	8921.0	0.0	321.0
JTB_WGS_HCC1395_01-2_2	62.0	254.0	2.13	8.91	155.0	0.0	0.25	1.0	97.85	0.15	0.27	0.37	68.0	0.0	97851.0	2130	269.0	0.06	100000	4.0	0.0	0.06999999999999999	8917.0	0.0	369.0
JTB_WGS_HCC1395_03-1_1	56.0	236.0	0.83	9.309999999999999	163.0	0.0	0.24000000000000002	0.0	99.16	0.16	0.30000000000000004	0.36	142.0	0.0	99152.0	830	303.0	0.05	100000	3.0	0.0	0.14	9322.0	0.0	367.0
JTB_WGS_HCC1395_03-1_2	55.0	216.0	0.98	9.209999999999999	163.0	0.0	0.22	0.0	99.0	0.16	0.26	0.32	119.0	0.0	99004.0	980	262.0	0.06	100000	2.0	0.0	0.12	9223.0	0.0	320.0
JTB_WGS_HCC1395_03-2_1	48.0	221.0	1.21	8.84	141.0	0.0	0.22	0.0	98.78	0.14	0.31	0.33	153.0	0.0	98786.0	1210	308.0	0.05	100000	1.0	0.0	0.15	8851.0	0.0	329.0
JTB_WGS_HCC1395_03-2_2	44.0	227.0	1.25	9.02	138.0	0.0	0.22	0.0	98.74	0.14	0.26	0.34	93.0	0.0	98742.0	1250	252.0	0.04	100000	3.0	0.0	0.09999999999999999	9031.0	0.0	345.0
MGI_WGS_HCC1395BL_02-1_1	102.0	176.0	0.66	8.14	160.0	0.0	0.16999999999999998	0.0	99.23	0.16	0.07	0.35	0.0	0.0	99223.0	660	76.0	0.1	100000	0.0	0.0	0.0	8140.0	0.0	351.0
MGI_WGS_HCC1395BL_02-2_1	90.0	325.0	0.66	10.5	222.0	0.0	0.32	0.0	99.22999999999999	0.22	0.17	0.56	0.0	0.0	99234.0	660	169.0	0.09	100000	3.0	0.0	0.0	10506.0	0.0	566.0
MGI_WGS_HCC1395BL_04-1_1	98.0	151.0	0.71	8.02	165.0	0.0	0.15	0.0	99.19	0.16	0.06999999999999999	0.32	0.0	0.0	99197.0	710	68.0	0.1	100000	0.0	0.0	0.0	8023.0	0.0	318.0
MGI_WGS_HCC1395BL_04-2_1	117.0	291.0	0.72	10.25	228.0	0.0	0.29	0.0	99.16999999999999	0.23	0.16999999999999998	0.5	0.0	0.0	99178.0	720	169.0	0.11	100000	1.0	0.0	0.0	10245.0	0.0	503.0
MGI_WGS_HCC1395_01-1_1	73.0	147.0	0.61	8.08	127.0	0.0	0.15	0.0	99.36999999999999	0.12	0.06999999999999999	0.24000000000000002	0.0	0.0	99377.0	610	63.0	0.07	100000	0.0	0.0	0.0	8082.0	0.0	244.0
MGI_WGS_HCC1395_01-2_1	69.0	281.0	0.68	10.19	130.0	0.0	0.28	0.0	99.3	0.13	0.13	0.38	0.0	0.0	99310.0	680	135.0	0.07	100000	1.0	0.0	0.0	10190.0	0.0	383.0
MGI_WGS_HCC1395_03-1_1	71.0	139.0	0.59	8.129999999999999	91.0	0.0	0.13999999999999999	0.0	99.39	0.09	0.06	0.22	0.0	0.0	99396.0	590	61.0	0.07	100000	0.0	0.0	0.0	8131.0	0.0	220.0
MGI_WGS_HCC1395_03-2_1	64.0	286.0	0.67	10.1	113.0	0.0	0.27999999999999997	0.0	99.32	0.11	0.15000000000000002	0.4	0.0	0.0	99326.0	670	146.0	0.06	100000	0.0	0.0	0.0	10106.0	0.0	400.0
NVG_WGS_HCC1395BL_02-1_1	113.0	424.0	1.68	11.67	266.0	0.05	0.43	55.0	97.96000000000001	0.27	0.32	0.85	48.0	0.01	97971.0	1680	322.0	0.12	100000	8.0	0.0	0.05	11680.0	0.0	848.0
NVG_WGS_HCC1395BL_02-1_2	102.0	332.0	1.68	11.43	265.0	0.05	0.33999999999999997	50.0	97.83	0.27	0.67	1.18	17.0	0.01	97840.0	1680	672.0	0.11	100000	7.0	0.0	0.02	11432.0	0.0	1176.0
NVG_WGS_HCC1395BL_02-2_1	107.0	320.0	0.74	10.84	225.0	0.0	0.32	0.0	99.13	0.23	0.22999999999999998	0.63	22.0	0.0	99137.0	740	224.0	0.11	100000	2.0	0.0	0.02	10842.0	0.0	622.0
NVG_WGS_HCC1395BL_02-2_2	97.0	316.0	0.72	10.969999999999999	223.0	0.0	0.32	0.0	99.09	0.22	0.46	0.86	9.0	0.0	99085.0	720	463.0	0.1	100000	1.0	0.0	0.01	10970.0	0.0	858.0
NVG_WGS_HCC1395BL_04-1_1	111.0	316.0	0.73	11.11	242.0	0.0	0.32	0.0	99.13999999999999	0.24	0.22	0.6399999999999999	26.0	0.0	99137.0	730	224.0	0.11	100000	0.0	0.0	0.03	11115.0	0.0	643.0
NVG_WGS_HCC1395BL_04-1_2	113.0	327.0	0.77	10.95	242.0	0.0	0.32999999999999996	0.0	98.97	0.24	0.59	1.03	5.0	0.0	98968.0	770	598.0	0.12	100000	4.0	0.0	0.01	10947.0	0.0	1031.0
NVG_WGS_HCC1395BL_04-2_1	127.0	309.0	0.69	11.06	266.0	0.0	0.31	0.0	99.17	0.26	0.2	0.67	29.0	0.0	99170.0	690	205.0	0.13	100000	3.0	0.0	0.03	11060.0	0.0	659.0
NVG_WGS_HCC1395BL_04-2_2	127.0	301.0	0.76	10.99	264.0	0.0	0.3	0.0	98.97	0.26	0.61	1.01	8.0	0.0	98969.0	760	610.0	0.12	100000	3.0	0.0	0.01	10986.0	0.0	1020.0
NVG_WGS_HCC1395_01-1_1	75.0	314.0	0.68	11.0	149.0	0.0	0.31	0.0	99.30000000000001	0.15	0.23	0.55	36.0	0.0	99299.0	680	234.0	0.07	100000	4.0	0.0	0.04	11005.0	0.0	555.0
NVG_WGS_HCC1395_01-1_2	78.0	279.0	0.69	10.85	149.0	0.0	0.27	0.0	99.18	0.15	0.55	0.8300000000000001	6.0	0.0	99179.0	690	548.0	0.08	100000	3.0	0.0	0.01	10839.0	0.0	831.0
NVG_WGS_HCC1395_01-2_1	74.0	281.0	0.71	10.440000000000001	135.0	0.0	0.28	0.0	99.26999999999998	0.13	0.19	0.48000000000000004	16.0	0.0	99268.0	710	183.0	0.07	100000	0.0	0.0	0.01	10441.0	0.0	488.0
NVG_WGS_HCC1395_01-2_2	78.0	293.0	0.71	10.65	139.0	0.0	0.3	2.0	99.18	0.14	0.5	0.78	4.0	0.0	99178.0	710	495.0	0.07	100000	2.0	0.0	0.0	10651.0	0.0	780.0
NVG_WGS_HCC1395_03-1_1	73.0	306.0	0.63	10.73	157.0	0.0	0.31	0.0	99.35999999999999	0.16	0.23	0.58	37.0	0.0	99354.0	630	224.0	0.07	100000	0.0	0.0	0.04	10734.0	0.0	578.0
NVG_WGS_HCC1395_03-1_2	72.0	292.0	0.65	10.68	159.0	0.0	0.29	0.0	99.22	0.16	0.5700000000000001	0.8700000000000001	10.0	0.0	99220.0	650	569.0	0.07	100000	3.0	0.0	0.01	10676.0	0.0	866.0
NVG_WGS_HCC1395_03-2_1	67.0	276.0	0.68	10.25	144.0	0.0	0.27	0.0	99.3	0.14	0.18000000000000002	0.47	22.0	0.0	99297.0	680	187.0	0.06999999999999999	100000	3.0	0.0	0.02	10248.0	0.0	472.0
NVG_WGS_HCC1395_03-2_2	62.0	289.0	0.71	10.38	142.0	0.0	0.29	0.0	99.13	0.14	0.56	0.8500000000000001	3.0	0.0	99136.0	710	569.0	0.06	100000	3.0	0.0	0.0	10391.0	0.0	850.0
SL_WGS_HCC1395BL_02-1_1	102.0	194.0	0.89	9.45	238.0	0.0	0.19	0.0	99.04000000000002	0.24	0.09999999999999999	0.36	6.0	0.0	99029.0	890	98.0	0.1	100000	0.0	0.0	0.01	9452.0	0.0	364.0
SL_WGS_HCC1395BL_02-2_1	82.0	134.0	1.32	7.84	266.0	0.0	0.13	0.0	98.6	0.27	0.11	0.29000000000000004	43.0	0.0	98596.0	1320	110.0	0.08	100000	1.0	0.0	0.04	7836.0	0.0	288.0
SL_WGS_HCC1395BL_04-1_1	87.0	179.0	0.79	9.120000000000001	285.0	0.0	0.18	0.0	99.11999999999999	0.28	0.09	0.37	3.0	0.0	99125.0	790	84.0	0.08	100000	2.0	0.0	0.0	9111.0	0.0	378.0
SL_WGS_HCC1395BL_04-2_1	91.0	142.0	1.26	7.8	279.0	0.0	0.14	0.0	98.66	0.28	0.12000000000000001	0.33	33.0	0.0	98656.0	1260	114.0	0.09	100000	1.0	0.0	0.03	7802.0	0.0	334.0
SL_WGS_HCC1395_01-1_1	52.0	182.0	0.68	8.97	149.0	0.0	0.18	0.0	99.32000000000001	0.15	0.11	0.3	7.0	0.0	99308.0	680	107.0	0.05	100000	0.0	0.0	0.01	8973.0	0.0	300.0
SL_WGS_HCC1395_01-2_1	31.0	112.0	1.28	7.76	157.0	0.0	0.11	0.0	98.71	0.16	0.08	0.2	28.0	0.0	98708.0	1280	82.0	0.03	100000	0.0	0.0	0.03	7764.0	0.0	203.0
SL_WGS_HCC1395_03-1_1	63.0	201.0	0.69	9.11	186.0	0.0	0.2	0.0	99.28999999999999	0.19	0.09999999999999999	0.32	3.0	0.0	99297.0	690	99.0	0.06	100000	1.0	0.0	0.0	9110.0	0.0	316.0
SL_WGS_HCC1395_03-2_1	41.0	136.0	1.23	7.430000000000001	132.0	0.0	0.13	0.0	98.77	0.13	0.09	0.25	17.0	0.0	98761.0	1230	90.0	0.04	100000	0.0	0.0	0.01	7426.0	0.0	250.0
run3-JTB_WGS_HCC1395BL_02-2_1	90.0	253.0	1.01	9.48	246.0	0.0	0.25	0.0	98.89999999999999	0.24	0.39999999999999997	0.43	256.0	0.0	98898.0	1010	408.0	0.09	100000	4.0	0.0	0.25	9486.0	0.0	434.0
run3-JTB_WGS_HCC1395BL_02-2_2	88.0	251.0	1.4	9.61	239.0	0.0	0.25	0.0	98.48	0.24	0.31	0.44	99.0	0.0	98486.0	1399	313.0	0.09	100000	4.0	0.0	0.1	9612.0	0.0	440.0
run5-JTB_WGS_HCC1395BL_02-2_1	85.0	255.0	1.02	9.57	284.0	0.0	0.25	0.0	98.84	0.28	0.45999999999999996	0.47	293.0	0.01	98840.0	1020	467.0	0.08	100000	5.0	0.0	0.29000000000000004	9573.0	0.0	475.0
run5-JTB_WGS_HCC1395BL_02-2_2	80.0	268.0	2.6	9.280000000000001	266.0	0.0	0.27	0.0	97.25	0.27	0.31	0.47000000000000003	96.0	0.01	97252.0	2600	319.0	0.08	100000	6.0	0.0	0.09	9274.0	0.0	470.0
