Sample	fastp_mqc-generalstats-fastp-pct_duplication	fastp_mqc-generalstats-fastp-after_filtering_q30_rate	fastp_mqc-generalstats-fastp-after_filtering_q30_bases	fastp_mqc-generalstats-fastp-filtering_result_passed_filter_reads	fastp_mqc-generalstats-fastp-after_filtering_gc_content	fastp_mqc-generalstats-fastp-pct_surviving	fastp_mqc-generalstats-fastp-pct_adapter
ARD_WGS_2023_1_Nfastp	0.194977	0.961334	224713251161.0	1567893320.0	0.405578	99.99999668344793	5.167640953583928
ARD_WGS_2023_1_Tfastp	0.16808599999999999	0.956827	217990080767.0	1529008980.0	0.405665	99.99999542187143	4.957478047628299
BGI_T10_WGS_2021_1_Nfastp	3.03774	0.925221	320847106212.0	3471331250.0	0.403647	99.99231339595002	0.24722072537556739
BGI_T10_WGS_2021_1_Tfastp	1.33321	0.911319	230988499963.0	2537662322.0	0.405043	99.99452723091736	0.2906564931458914
BGI_T10_WGS_2021_2_Nfastp	1.9119400000000002	0.917158	240576696738.0	2625784890.0	0.398676	99.99337156431939	0.245726308859474
BGI_T10_WGS_2021_2_Tfastp	3.62689	0.924829	333143870659.0	3606245394.0	0.404398	99.99215866382328	0.2653834237570361
BGI_T10_WGS_2021_3_Nfastp	2.54392	0.922771	329988834246.0	3579680044.0	0.403857	99.99273323055155	0.24279707309858714
BGI_T10_WGS_2021_3_Tfastp	2.2724100000000003	0.92608	264153028139.0	2855286308.0	0.405204	99.99097075768475	0.24553253780518866
BGI_T10_WGS_2023_1_Nfastp	0.7857430000000001	0.908489	224185792444.0	2470493296.0	0.397376	99.9954830495009	0.2755015187592367
BGI_T10_WGS_2023_1_Tfastp	1.10144	0.912111	211527720079.0	2321960950.0	0.395691	99.99330946519788	0.29385263626708463
BGI_T10_WGS_2023_2_Nfastp	2.51813	0.918968	284006703971.0	3093859178.0	0.398286	99.99200143928329	0.26287872037166377
BGI_T10_WGS_2023_2_Tfastp	2.01145	0.917671	282650403133.0	3083725828.0	0.398299	99.99483554039318	0.2795254601661887
BGI_T10_WGS_2023_3_Nfastp	0.5694560000000001	0.903803	185590206711.0	2055841648.0	0.394251	99.99544859200822	0.2805126318323273
BGI_T10_WGS_2023_3_Tfastp	2.10661	0.912498	239882532083.0	2632122660.0	0.395738	99.99666394458444	0.3002632990056731
BGI_T20_WGS_2021_1_Nfastp	0.744873	0.93615	286745191935.0	3065434016.0	0.413382	99.92595104350332	0.18769004308829346
BGI_T20_WGS_2021_1_Tfastp	1.10561	0.936754	324461296722.0	3466716550.0	0.413843	99.92585183803675	0.20589838650292377
BGI_T20_WGS_2021_2_Nfastp	1.13546	0.936521	261095389072.0	2790152778.0	0.412912	99.9276350083501	0.19132637415267287
BGI_T20_WGS_2021_2_Tfastp	1.11258	0.939406	362381819559.0	3860849808.0	0.414001	99.92257115173784	0.19698856511283178
BGI_T20_WGS_2021_3_Nfastp	0.776261	0.941649	312331142483.0	3319444670.0	0.412385	99.92783323089458	0.1845296109236668
BGI_T20_WGS_2021_3_Tfastp	0.637659	0.937154	254251133526.0	2715570024.0	0.412742	99.92734565910344	0.2303594345124008
BGI_T20_WGS_2023_1_Nfastp	0.675443	0.939911	350889235327.0	3736277904.0	0.405659	99.92411322738212	0.19794061461592796
BGI_T20_WGS_2023_1_Tfastp	0.80864	0.939913	326807031784.0	3480116928.0	0.406796	99.92347353742545	0.21535283048643186
BGI_T20_WGS_2023_2_Nfastp	0.855706	0.937402	336028257063.0	3587672626.0	0.406157	99.92843206845053	0.2005027467106001
BGI_T20_WGS_2023_2_Tfastp	1.14333	0.940101	380071397436.0	4046709292.0	0.40488	99.92276538857624	0.23077061156548703
BGI_T20_WGS_2023_3_Nfastp	0.8676059999999999	0.940861	333568865122.0	3548423264.0	0.406245	99.92545250787077	0.21711013634739731
BGI_T20_WGS_2023_3_Tfastp	1.00231	0.937148	430668515914.0	4599802986.0	0.404774	99.92866825254984	0.22120305831805662
BGI_T7_WGS_2023_1_Nfastp	0.124607	0.934899	286635643353.0	2045376740.0	0.401699	99.99993311750063	0.3163251808892442
BGI_T7_WGS_2023_1_Tfastp	0.120413	0.944203	352626901191.0	2491541860.0	0.404258	99.99992109309981	0.2707596763742417
NVG_WGS_2023_1_Nfastp	15.401200000000001	0.922593	163819195789.0	1191780952.0	0.416992	98.64899997021445	4.531882833350777
NVG_WGS_2023_1_Tfastp	24.049799999999998	0.90951	162625502024.0	1197238908.0	0.419007	99.0927650311891	2.8165042678252603
WGE_WGS_2023_1_Nfastp	0.111351	0.905535	185763209542.0	1368600840.0	0.406877	99.9581422067171	0.1949603268305253
WGE_WGS_2023_1_Tfastp	0.0939886	0.898947	187019602673.0	1388058060.0	0.407217	99.9477702577235	0.20131403959490535
WGS_WUX_2021_1_Nfastp	6.782789999999999	0.897068	178751369731.0	1330587384.0	0.407639	98.32427481265493	0.43516138490295997
WGS_WUX_2021_1_Tfastp	5.9014999999999995	0.902786	160020764797.0	1183805878.0	0.409843	98.52093693588296	0.49321826200519214
WGS_WUX_2021_2_Nfastp	6.363770000000001	0.879684	171078417353.0	1298399070.0	0.40521	98.37272873257399	0.3979819180885068
WGS_WUX_2021_2_Tfastp	5.00353	0.868752	181269960316.0	1393296422.0	0.410107	98.1340840318213	0.45871889246668784
WGS_WUX_2021_3_Nfastp	6.22244	0.914665	180999241186.0	1321387712.0	0.407779	98.09099052998471	0.4323593247350448
WGS_WUX_2021_3_Tfastp	4.56736	0.899964	170280149269.0	1263763114.0	0.410789	97.90649020769163	0.5101100264469743
WGS_WUX_2023_1_Nfastp	4.7881100000000005	0.903208	159864615965.0	1182245230.0	0.406102	97.73975663169507	0.5338575727295645
WGS_WUX_2023_1_Tfastp	4.97006	0.910267	161053652090.0	1181758728.0	0.407046	98.02629057391842	0.5201135779666257
WGS_WUX_2023_2_Nfastp	7.91314	0.890054	186407310241.0	1398490768.0	0.406679	96.34878253074493	0.4147906886009376
WGS_WUX_2023_2_Tfastp	5.61249	0.917861	163863702305.0	1192212836.0	0.407884	98.64713799377807	0.46250115879351744
WGS_WUX_2023_3_Nfastp	6.152959999999999	0.90884	196016912540.0	1440249032.0	0.405593	98.51329685870793	0.47213663839367914
WGS_WUX_2023_3_Tfastp	4.31398	0.880067	176169009663.0	1337248346.0	0.406341	96.75605996090539	0.5939791141202588
